[-0.01533688  0.05175612  0.01732747  0.01012954  0.00425707 -0.07995285
  0.0179748   0.10629197 -0.01385784 -0.03331476 -0.01866445 -0.07391115
 -0.00768552  0.03358842  0.00162582 -0.03146137  0.00013888 -0.06251506
  0.00966499 -0.07956456  0.03615024  0.03150191  0.02855077 -0.03663893
 -0.02362701 -0.00070263 -0.03814264 -0.01977167 -0.02180108 -0.00232458
  0.04488302  0.01840617 -0.0003412  -0.03433407 -0.02918656  0.03544414
  0.01243514 -0.03628087 -0.03334806 -0.06866239  0.01419421 -0.04647146
 -0.02714279 -0.00661044  0.04791057 -0.02811824 -0.03888625 -0.02486827
  0.01804974  0.0247379   0.02272334 -0.03545048 -0.02328365  0.00860506
 -0.03235083  0.02207817  0.02254164 -0.01115467 -0.05559833  0.01716623
 -0.00164679  0.01623587  0.00212605 -0.00738553 -0.03697032  0.03744425
  0.0303201   0.03384791 -0.06061901  0.05454669 -0.02860167  0.03368566
  0.05107456 -0.02611074  0.05577257  0.02912044 -0.01203732 -0.00335678
 -0.05695735  0.01366505 -0.02494889  0.00234199 -0.02514496  0.07001881
 -0.00206763  0.01569716 -0.00732295  0.04154338  0.06894029  0.01077072
  0.06072918  0.01984874  0.01046493 -0.00394022  0.07793093  0.05702707
  0.03491954 -0.04596289  0.00733186 -0.00152904]
